Loading data...
Fitting DT
Predicting...
Fitting DT
Predicting...
Fitting DT
Predicting...
Fitting DT
Predicting...
Fitting DT
Predicting...
Fitting DT
Predicting...
Fitting DT
Predicting...
Fitting DT
Predicting...
Fitting DT
Predicting...
[{0.1: array([[503,   2,   2,   1,   4,   1,   0,   0,  13,   0],
       [  1, 659,   8,   1,   5,   1,   4,   7,   3,   4],
       [  5,   5, 573,   8,   3,   1,   1,  10,   9,   2],
       [  2,   2,   7, 583,   0,   9,   1,   5,   5,   6],
       [  0,   2,   0,   1, 491,   2,   5,   3,   6,  24],
       [  2,   2,   2,   7,   2, 508,   8,   1,   8,   9],
       [  6,   3,   2,   0,   2,   5, 533,   0,   8,   0],
       [  1,   4,   8,   4,   7,   0,   1, 559,   0,   4],
       [  5,   1,   6,   2,   3,   8,   6,   5, 527,  12],
       [  3,   3,   1,   4,  15,   4,   0,   8,   9, 557]])}, {0.2: array([[1078,    4,    1,    2,    6,    1,   20,    0,   17,    3],
       [   1, 1251,   16,    2,    5,    2,    1,    7,    6,    4],
       [   6,   11, 1147,   16,    5,    1,    6,   18,   16,    4],
       [   6,    1,   13, 1068,    1,   23,    0,   22,    8,    9],
       [   5,   10,    2,    0, 1031,    4,    8,   13,   11,   32],
       [   5,    3,    3,   25,    5, 1040,    8,    3,   12,    9],
       [   7,    1,    3,    3,    9,   13, 1130,    0,   20,    2],
       [   2,    7,   16,   14,   11,    6,    1, 1148,    7,    9],
       [  13,    4,   17,    7,    5,    8,   19,    7,  999,   22],
       [   4,    6,    2,    8,   21,    8,    0,   11,   17, 1106]])}, {0.3: array([[1637,    2,    5,    6,    8,    8,    7,    4,   23,    5],
       [   3, 1906,   19,    6,    7,    2,    9,    9,    5,    5],
       [  11,   19, 1680,   38,    2,    0,    6,   20,   21,    4],
       [   4,    8,   28, 1601,    6,   40,    2,   35,    8,   14],
       [   6,   10,    6,    1, 1614,    6,   15,   14,   14,   46],
       [   6,    8,    5,   29,    4, 1580,   26,    6,   27,   10],
       [  11,    7,    8,    5,   21,   17, 1684,    0,   18,    0],
       [   4,   10,   17,   25,   22,    7,    2, 1681,    7,    7],
       [  28,    5,   23,   13,   19,   17,   24,    8, 1509,   40],
       [   3,    6,    4,   11,   51,   12,    3,   16,   22, 1571]])}, {0.4: array([[2096,    6,    9,   13,   10,    8,   21,    4,   32,   15],
       [   2, 2583,   22,    6,   16,    6,    9,   20,    7,   17],
       [  19,   27, 2140,   37,    5,    5,    3,   56,   29,   10],
       [   5,   14,   19, 2194,    2,   50,    3,   38,   20,   11],
       [  13,   23,   11,    6, 2154,    7,   15,   13,   22,   55],
       [   3,    8,    4,   51,    6, 2051,   18,    7,   24,   29],
       [  24,    8,    8,    2,   14,   24, 2199,    2,   27,    0],
       [   1,   13,   32,   33,   15,    3,    5, 2276,    9,   25],
       [  29,   11,   30,   13,   17,   21,   38,   13, 2088,   65],
       [   3,    7,    5,   13,   65,   17,    4,   21,   35, 2135]])}, {0.5: array([[2612,    1,   16,   11,    7,    8,   35,    4,   35,   16],
       [   3, 3269,   28,   11,   30,    4,   15,   17,   10,   10],
       [   7,   45, 2711,   41,   11,    4,   20,   70,   39,    7],
       [   3,   18,   66, 2669,    3,   59,    1,   53,   22,   31],
       [  11,   26,    7,    3, 2636,   11,   23,   22,   29,   80],
       [   3,    8,   11,   38,   11, 2631,   22,    8,   32,   29],
       [  27,   15,    3,    3,   30,   32, 2809,    0,   35,    4],
       [   2,   31,   40,   50,   15,    5,    0, 2798,   10,   32],
       [  40,   23,   43,   25,   16,   32,   51,    5, 2514,   65],
       [   9,   15,    9,   14,   93,   30,    6,   25,   48, 2656]])}, {0.6: array([[3181,    7,   17,    3,   10,   13,   31,    7,   53,   10],
       [  12, 3735,   58,   12,   29,    6,   11,   58,   21,   16],
       [   9,   43, 3297,   64,    8,    7,   14,   90,   36,    7],
       [  11,   10,   67, 3189,    3,  103,    3,   74,   34,   24],
       [  23,   15,   13,    8, 3134,   15,   34,   17,   37,   88],
       [   8,   13,    7,   59,   10, 3101,   44,   24,   47,   37],
       [  30,   37,   12,    3,   39,   39, 3274,    3,   65,    8],
       [   6,   12,   70,   51,   25,   10,    3, 3399,   23,   38],
       [  55,   12,   30,   30,   38,   61,   49,   15, 3077,   72],
       [  13,    9,    7,   22,   96,   47,    2,   37,   54, 3198]])}, {0.7: array([[3661,    6,   16,   13,   18,    7,   38,   11,   66,   22],
       [  11, 4402,   51,   20,   44,   30,   33,   23,   15,   40],
       [  15,   48, 3790,  103,   15,    7,   15,   75,   46,   11],
       [  28,   22,   68, 3702,    7,   93,    1,   72,   37,   21],
       [  15,   23,   10,    7, 3635,   17,   36,   42,   50,  126],
       [  11,   11,    9,  141,   12, 3514,   52,   19,   65,   51],
       [  35,   19,   12,    7,   28,   31, 3875,    3,   91,   14],
       [   9,   57,   97,   66,   30,   10,    0, 3968,   23,   40],
       [  96,   16,   68,   50,   38,   71,  102,   17, 3431,  127],
       [  22,   23,   15,   43,  128,   33,    6,   36,   53, 3714]])}, {0.8: array([[4212,    8,   18,   15,   21,   17,   37,   19,   89,   18],
       [   6, 5038,   53,   18,   45,   13,   26,   27,   48,   37],
       [  48,   74, 4236,  112,   18,   28,   18,  100,   84,   22],
       [  21,   23,  108, 4196,    8,   87,    6,   86,   38,   31],
       [  17,   55,    6,    9, 4219,   18,   30,   37,   54,  172],
       [  24,   23,   20,  111,   15, 4057,   78,   17,   69,   42],
       [  81,   30,   10,    4,   54,   57, 4378,    3,   78,    1],
       [   9,   43,   93,  100,   52,   13,    5, 4458,   46,   57],
       [  71,   28,   51,   22,   63,   67,   84,   34, 4047,   95],
       [  21,   31,   10,   48,  176,   26,    8,   58,  127, 4096]])}, {0.9: array([[4565,   25,   66,   26,   34,   19,   98,    6,  106,   48],
       [   9, 5499,   58,   20,   80,   37,   58,   96,   24,   63],
       [  56,  119, 4680,   81,   23,   33,   40,   88,  130,   45],
       [  38,   47,  121, 4605,   37,  154,   12,  103,   53,   53],
       [  24,   52,    7,   10, 4653,   22,   82,   70,   49,  216],
       [  17,   33,   35,  157,   16, 4396,  135,   25,   85,   70],
       [  42,   36,   11,   10,   48,  127, 4875,    0,  126,   17],
       [  15,   56,  102,  123,   79,   12,    2, 5043,   11,   91],
       [ 175,   31,   73,   59,   52,  109,  138,   25, 4278,  190],
       [  47,   26,    9,   42,  157,   99,   16,   43,  124, 4654]])}]
