Loading data...
Spliting data...
Fitting NB
Predicting...
Spliting data...
Fitting NB
Predicting...
Spliting data...
Fitting NB
Predicting...
Spliting data...
Fitting NB
Predicting...
Spliting data...
Fitting NB
Predicting...
Spliting data...
Fitting NB
Predicting...
Spliting data...
Fitting NB
Predicting...
Spliting data...
Fitting NB
Predicting...
Spliting data...
Fitting NB
Predicting...
[{0.1: array([[496,   1,  14,   1,  13,  15,  30,   1,  15,   1],
       [  0, 651,  16,   5,   3,   1,   4,   5,   1,   5],
       [  3,   4, 543,   3,   0,   0,   5,   4,   3,   0],
       [  1,   1,   7, 545,   1,   6,   0,  21,   5,   5],
       [  5,   4,   2,   0, 486,   3,  16,   1,  23,  41],
       [  0,   7,   0,  11,   3, 493,   4,   0,   3,   2],
       [ 11,   5,   1,   0,   1,   3, 556,   0,  12,   0],
       [  0,   4,  10,   9,   7,   4,   0, 550,  10,   5],
       [ 19,   3,   1,   1,   8,  11,   9,   0, 490,  15],
       [  5,   8,   0,   7,  46,  14,   0,  10,  35, 456]])}, {0.2: array([[ 980,    0,   21,    5,   24,   16,   47,    8,   18,    3],
       [   0, 1225,   31,    4,   10,    1,    6,    8,    7,    8],
       [   1,    7, 1114,    9,    1,    2,   13,   11,    6,    2],
       [   3,    2,   27, 1045,    1,   21,    0,   35,    3,    3],
       [  13,    5,    6,    0,  993,    6,   32,    3,   30,   75],
       [   0,   13,    0,   14,    6, 1076,   12,    0,    8,    4],
       [  19,   10,    0,    0,    2,    5, 1110,    0,   26,    0],
       [   0,   14,   40,   17,   12,    2,    0, 1081,   21,   11],
       [  52,   11,    8,    2,   24,   17,   17,    5, 1038,   30],
       [  13,    6,    0,   11,   86,   31,    3,   11,   72,  899]])}, {0.3: array([[1485,    1,   33,    5,   40,   35,   65,    6,   22,    2],
       [   0, 1929,   58,    2,   10,    4,   10,   16,   10,   12],
       [   3,   15, 1717,   17,    0,    3,   16,   21,   12,    1],
       [   0,    4,   33, 1587,    4,   22,    0,   36,   15,    6],
       [  12,   12,    8,    0, 1428,    8,   44,    2,   46,   96],
       [   1,   14,    0,   23,   11, 1538,    9,    4,   16,    7],
       [  29,   25,    3,    0,    9,    8, 1625,    0,   42,    0],
       [   0,   14,   50,   34,   18,    9,    0, 1674,   35,   17],
       [  73,   12,   12,    3,   20,   35,   28,    3, 1504,   36],
       [  19,   19,    2,   14,  111,   52,    3,   37,  125, 1358]])}, {0.4: array([[2011,    1,   33,    6,   49,   32,   98,    5,   32,    8],
       [   1, 2476,   73,    6,   13,    3,    4,   20,   14,   15],
       [   2,   18, 2337,   17,    1,    1,   25,   31,   14,    3],
       [   0,    6,   39, 2118,    4,   31,    0,   65,   19,   14],
       [  22,    7,    7,    0, 1929,   14,   64,    5,   59,  160],
       [   1,   23,    2,   44,   23, 2060,   19,    4,   25,    8],
       [  33,   26,    1,    0,   13,   12, 2237,    0,   52,    0],
       [   0,   21,   62,   32,   20,    7,    0, 2200,   44,   33],
       [  86,   13,   26,    5,   36,   41,   40,    6, 1977,   54],
       [  27,   22,    3,   27,  147,   68,    3,   36,  168, 1760]])}, {0.5: array([[2394,    3,   55,   12,   66,   62,  157,    8,   36,    7],
       [   1, 3202,   84,    6,    6,    7,   14,   35,   19,   23],
       [   3,   23, 2778,   21,    1,    3,   25,   31,   23,    4],
       [   1,    5,   46, 2667,    5,   35,    0,   81,   23,   16],
       [  26,   21,    6,    0, 2425,   15,   69,    4,  101,  200],
       [   0,   39,    2,   53,   22, 2661,   24,    4,   22,    6],
       [  47,   34,    3,    0,   14,   12, 2706,    0,   80,    0],
       [   0,   31,   66,   50,   24,   18,    0, 2757,   60,   43],
       [ 117,   24,   18,    5,   32,   49,   36,    7, 2456,   79],
       [  31,   25,    2,   37,  207,   85,    6,   35,  177, 2262]])}, {0.6: array([[2984,    4,   64,    6,   75,   50,  128,    7,   51,    6],
       [   2, 3759,  107,    6,   19,    7,   13,   41,   22,   29],
       [   6,   20, 3431,   24,    0,    1,   31,   30,   30,    4],
       [   1,    8,   66, 3260,    7,   55,    0,   88,   25,   21],
       [  31,   17,   15,    0, 2957,   22,   79,    8,  117,  251],
       [   1,   41,    2,   61,   19, 3075,   23,    5,   30,   15],
       [  56,   44,    6,    0,   23,   25, 3235,    0,   68,    0],
       [   0,   18,   91,   45,   30,   16,    0, 3323,   64,   46],
       [ 146,   31,   27,    9,   41,   52,   55,   10, 2945,   91],
       [  45,   40,    3,   41,  214,  109,    8,   59,  250, 2665]])}, {0.7: array([[3367,    3,   80,   18,  108,   68,  180,   10,   72,   13],
       [   1, 4395,  126,    8,   19,    6,   20,   41,   25,   31],
       [   3,   35, 3872,   34,    2,    2,   25,   53,   34,    4],
       [   1,    6,   75, 3813,    9,   61,    0,  105,   28,   19],
       [  35,   19,   17,    0, 3366,   25,  102,   10,  141,  277],
       [   1,   46,    1,   76,   29, 3637,   37,    9,   40,   12],
       [  66,   57,    6,    0,   22,   23, 3816,    0,   89,    0],
       [   0,   26,   92,   62,   29,   19,    0, 3905,   67,   47],
       [ 161,   31,   35,    7,   54,   60,   71,   12, 3479,  107],
       [  40,   40,    3,   46,  292,  119,   10,   83,  246, 3179]])}, {0.8: array([[3934,    3,   92,    8,   95,   81,  167,   10,   65,    9],
       [   0, 4976,  145,    8,   16,   13,   26,   49,   31,   42],
       [   8,   42, 4499,   36,    1,    5,   35,   53,   37,    7],
       [   3,    9,   90, 4324,   11,   66,    0,  145,   31,   30],
       [  43,   17,   17,    0, 3917,   24,  120,    7,  154,  309],
       [   0,   46,    2,   90,   35, 4052,   40,    6,   44,   13],
       [  74,   61,    6,    0,   30,   26, 4426,    0,   88,    0],
       [   0,   35,  119,   69,   52,   25,    0, 4430,   76,   60],
       [ 189,   35,   43,   11,   59,   79,   68,   15, 3927,  107],
       [  61,   47,    2,   43,  345,  134,    9,   87,  314, 3627]])}, {0.9: array([[4300,    5,  115,   16,  107,  101,  249,    7,   83,    8],
       [   0, 5639,  143,   11,   25,   11,   26,   52,   32,   26],
       [   8,   50, 5008,   45,    1,    4,   44,   61,   38,    5],
       [   4,   13,   81, 4844,    9,   77,    0,  146,   28,   28],
       [  41,   25,   19,    0, 4430,   25,  115,   10,  175,  324],
       [   1,   62,    2,  100,   45, 4700,   43,   10,   48,    9],
       [  81,   58,    5,    0,   30,   38, 4952,    0,  120,    0],
       [   0,   40,  145,  110,   48,   31,    1, 4964,  101,   56],
       [ 209,   41,   56,   10,   78,   88,   81,   17, 4442,  113],
       [  69,   56,    4,   71,  412,  155,   10,   95,  358, 4003]])}]
